service_id,monday,tuesday,wednesday,thursday,friday,saturday,sunday,start_date,end_date
129.793.20,1,1,1,1,1,0,0,20260420,20281231
129.1558.20,0,0,0,0,0,0,0,20260420,20281231
129.314.20,0,0,0,0,0,0,1,20260420,20281231
129.494.20,0,0,0,0,0,1,0,20260420,20281231
130.2231.5,1,1,1,1,1,1,1,20210714,20261231
130.2232.5,0,0,0,0,0,0,0,20210714,20261231
132.793.25,1,1,1,1,1,0,0,20260625,20281231
132.1558.25,0,0,0,0,0,0,0,20260625,20281231
132.314.25,0,0,0,0,0,0,1,20260625,20281231
132.494.25,0,0,0,0,0,1,0,20260625,20281231
139.1603.15,1,1,1,1,1,0,0,20230918,20281231
139.494.15,0,0,0,0,0,1,0,20230918,20281231
141.1603.37,1,1,1,1,1,0,0,20260615,20281231
141.314.37,0,0,0,0,0,0,1,20260615,20281231
141.494.37,0,0,0,0,0,1,0,20260615,20281231
142.793.50,1,1,1,1,1,0,0,20260704,20281231
142.1558.50,0,0,0,0,0,0,0,20260704,20281231
142.314.50,0,0,0,0,0,0,1,20260704,20281231
142.494.50,0,0,0,0,0,1,0,20260704,20281231
142.494.51,0,0,0,0,0,1,0,20260704,20281231
143.793.30,1,1,1,1,1,0,0,20260727,20291231
143.314.30,0,0,0,0,0,0,1,20260727,20291231
143.764.30,0,0,0,0,0,1,0,20260727,20291231
146.793.30,1,1,1,1,1,0,0,20260605,20281231
146.1558.30,0,0,0,0,0,0,0,20260605,20281231
146.314.30,0,0,0,0,0,0,1,20260605,20281231
146.494.30,0,0,0,0,0,1,0,20260605,20281231
148.793.5,1,1,1,1,1,0,0,20260429,20281231
148.989.5,0,0,0,0,0,1,1,20260429,20281231
156.1603.24,1,1,1,1,1,0,0,20260626,20281231
156.314.24,0,0,0,0,0,0,1,20260626,20281231
156.494.24,0,0,0,0,0,1,0,20260626,20281231
157.793.22,1,1,1,1,1,0,0,20260401,20271231
157.1558.22,0,0,0,0,0,0,0,20260401,20271231
157.934.22,0,0,0,0,0,0,0,20260401,20271231
157.314.22,0,0,0,0,0,0,1,20260401,20271231
157.494.22,0,0,0,0,0,1,0,20260401,20271231
158.2253.11,1,1,1,1,1,0,0,20231129,20261231
158.764.11,0,0,0,0,0,1,0,20231129,20261231
163.2248.14,0,0,0,0,0,0,1,20231214,20281231
163.2247.14,1,1,1,1,1,1,0,20231214,20281231
164.793.16,1,1,1,1,1,0,0,20260706,20281231
164.2170.16,1,1,1,1,1,0,0,20260706,20281231
164.1558.16,0,0,0,0,0,0,0,20260706,20281231
164.314.16,0,0,0,0,0,0,1,20260706,20281231
164.494.16,0,0,0,0,0,1,0,20260706,20281231
165.793.23,1,1,1,1,1,0,0,20251229,20271231
165.764.23,0,0,0,0,0,1,0,20251229,20271231
165.793.24,1,1,1,1,1,0,0,20251229,20271231
165.764.24,0,0,0,0,0,1,0,20251229,20271231
173.793.17,1,1,1,1,1,0,0,20260312,20281231
173.314.17,0,0,0,0,0,0,1,20260312,20281231
173.764.17,0,0,0,0,0,1,0,20260312,20281231
177.2170.16,1,1,1,1,1,0,0,20251126,20281231
177.314.16,0,0,0,0,0,0,1,20251126,20281231
177.2255.16,0,0,0,0,0,0,0,20251126,20281231
177.764.16,0,0,0,0,0,1,0,20251126,20281231
177.2170.17,1,1,1,1,1,0,0,20251126,20281231
181.793.28,1,1,1,1,1,0,0,20260527,20271231
181.314.28,0,0,0,0,0,0,1,20260527,20271231
181.764.28,0,0,0,0,0,1,0,20260527,20271231
194.793.34,1,1,1,1,1,0,0,20260221,20271231
194.314.34,0,0,0,0,0,0,1,20260221,20271231
194.764.34,0,0,0,0,0,1,0,20260221,20271231
195.793.23,1,1,1,1,1,0,0,20230607,20271231
195.989.23,0,0,0,0,0,1,1,20230607,20271231
195.314.23,0,0,0,0,0,0,1,20230607,20271231
195.764.23,0,0,0,0,0,1,0,20230607,20271231
196.793.25,1,1,1,1,1,0,0,20260413,20271231
196.314.25,0,0,0,0,0,0,1,20260413,20271231
196.764.25,0,0,0,0,0,1,0,20260413,20271231
198.1603.16,1,1,1,1,1,0,0,20260625,20260930
198.314.16,0,0,0,0,0,0,1,20260625,20260930
198.494.16,0,0,0,0,0,1,0,20260625,20260930
199.2265.32,1,1,1,1,1,1,1,20260512,20281231
199.2266.32,0,0,0,0,0,0,0,20260512,20281231
200.793.33,1,1,1,1,1,0,0,20260701,20281231
200.314.33,0,0,0,0,0,0,1,20260701,20281231
200.764.33,0,0,0,0,0,1,0,20260701,20281231
202.1169.25,1,1,1,1,1,1,0,20260319,20281231
202.314.25,0,0,0,0,0,0,1,20260319,20281231
204.793.40,1,1,1,1,1,0,0,20260709,20281231
204.1558.40,0,0,0,0,0,0,0,20260709,20281231
204.934.40,0,0,0,0,0,0,0,20260709,20281231
204.494.40,0,0,0,0,0,1,0,20260709,20281231
206.793.45,1,1,1,1,1,0,0,20260709,20281231
206.1558.45,0,0,0,0,0,0,0,20260709,20281231
206.934.45,0,0,0,0,0,0,0,20260709,20281231
206.1654.45,0,0,0,0,0,1,1,20260709,20281231
207.1169.23,1,1,1,1,1,1,0,20250227,20261231
207.314.23,0,0,0,0,0,0,1,20250227,20261231
209.1169.18,1,1,1,1,1,1,0,20240722,20271231
209.314.18,0,0,0,0,0,0,1,20240722,20271231
210.2243.18,0,0,0,0,0,0,0,20260518,20281231
210.2244.18,1,1,1,1,1,1,1,20260518,20281231
211.2293.26,1,1,0,1,1,0,0,20250506,20281231
211.2291.26,1,1,0,1,1,1,1,20250506,20281231
211.2248.26,0,0,0,0,0,0,1,20250506,20281231
211.2294.26,0,0,1,0,0,0,0,20250506,20281231
211.2292.26,0,0,1,0,0,0,0,20250506,20281231
211.2295.26,0,0,0,0,0,1,0,20250506,20281231
211.2294.27,0,0,1,0,0,0,0,20250506,20281231
211.2292.27,0,0,1,0,0,0,0,20250506,20281231
212.2282.39,0,0,1,0,0,0,0,20260423,20271231
212.2245.39,0,0,0,0,0,1,1,20260423,20271231
212.2246.39,0,0,0,0,0,0,0,20260423,20271231
212.2284.39,1,1,0,1,1,0,0,20260423,20271231
212.2282.40,0,0,1,0,0,0,0,20260423,20271231
213.2282.31,0,0,1,0,0,0,0,20250506,20261231
213.314.31,0,0,0,0,0,0,1,20250506,20261231
213.494.31,0,0,0,0,0,1,0,20250506,20261231
213.2284.31,1,1,0,1,1,0,0,20250506,20261231
213.2282.32,0,0,1,0,0,0,0,20250505,20261231
214.793.22,1,1,1,1,1,0,0,20260511,20281231
214.314.22,0,0,0,0,0,0,1,20260511,20281231
214.764.22,0,0,0,0,0,1,0,20260511,20281231
215.793.36,1,1,1,1,1,0,0,20260527,20281231
215.2170.36,1,1,1,1,1,0,0,20260527,20281231
215.314.36,0,0,0,0,0,0,1,20260527,20281231
215.764.36,0,0,0,0,0,1,0,20260527,20281231
216.28.9,1,1,1,1,1,1,1,20250430,20271231
217.2268.28,1,1,1,1,1,0,1,20260330,20281231
217.28.28,1,1,1,1,1,1,1,20260330,20281231
217.2252.29,0,0,0,0,0,1,0,20260330,20281231
217.1654.29,0,0,0,0,0,1,1,20260330,20281231
218.28.33,1,1,1,1,1,1,1,20260623,20281231
219.2299.18,0,0,0,0,0,0,0,20260716,20271231
219.2298.18,1,1,1,1,1,1,1,20260716,20271231
219.28.18,1,1,1,1,1,1,1,20260716,20271231
220.2268.41,1,1,1,1,1,0,1,20260527,20271231
220.2252.41,0,0,0,0,0,1,0,20260527,20271231
221.2252.33,0,0,0,0,0,1,0,20260716,20281231
221.28.33,1,1,1,1,1,1,1,20260716,20281231
222.28.30,1,1,1,1,1,1,1,20260527,20281231
223.2256.38,0,0,0,0,0,1,0,20260716,20261231
223.2264.38,1,1,1,1,1,0,1,20260716,20261231
224.22.15,1,1,1,1,1,1,1,20231001,20261231
224.28.15,1,1,1,1,1,1,1,20231001,20261231
225.28.55,1,1,1,1,1,1,1,20260511,20281231
226.28.19,1,1,1,1,1,1,1,20260722,20281231
227.28.27,1,1,1,1,1,1,1,20260209,20281231
228.28.9,1,1,1,1,1,1,1,20250417,20261231
229.28.36,1,1,1,1,1,1,1,20260608,20271231
230.28.17,1,1,1,1,1,1,1,20250317,20281231
231.28.36,1,1,1,1,1,1,1,20260625,20281231
232.28.28,1,1,1,1,1,1,1,20260411,20281231
232.28.29,1,1,1,1,1,1,1,20260411,20281231
234.28.21,1,1,1,1,1,1,1,20260701,20281231
235.2259.19,0,0,0,0,0,0,1,20260701,20281231
235.2262.19,0,0,0,0,0,1,0,20260701,20281231
235.2260.19,0,0,0,0,0,0,1,20260701,20281231
235.2261.19,1,1,1,1,1,0,0,20260701,20281231
236.2258.26,0,0,0,0,0,1,1,20260701,20281231
237.1603.11,1,1,1,1,1,0,0,20231201,20271231
248.793.36,1,1,1,1,1,0,0,20260625,20271231
248.314.36,0,0,0,0,0,0,1,20260625,20271231
248.764.36,0,0,0,0,0,1,0,20260625,20271231
249.793.11,1,1,1,1,1,0,0,20220919,20261231
249.314.11,0,0,0,0,0,0,1,20220919,20261231
249.764.11,0,0,0,0,0,1,0,20220919,20261231
250.793.14,1,1,1,1,1,0,0,20260413,20271231
250.989.14,0,0,0,0,0,1,1,20260413,20271231
251.793.10,1,1,1,1,1,0,0,20260511,20281231
251.1558.10,0,0,0,0,0,0,0,20260511,20281231
252.2276.9,1,0,0,0,0,0,0,20260511,20281231
252.2273.9,0,1,1,1,1,0,0,20260511,20281231
252.2274.9,0,1,1,1,1,0,0,20260511,20281231
252.2275.9,1,0,0,0,0,0,0,20260511,20281231
252.2276.10,1,0,0,0,0,0,0,20260511,20281231
252.2275.10,1,0,0,0,0,0,0,20260511,20281231
264.793.29,1,1,1,1,1,0,0,20260518,20281231
264.1558.29,0,0,0,0,0,0,0,20260518,20281231
264.934.29,0,0,0,0,0,0,0,20260518,20281231
264.494.29,0,0,0,0,0,1,0,20260518,20281231
265.793.27,1,1,1,1,1,0,0,20260518,20281231
265.1558.27,0,0,0,0,0,0,0,20260518,20281231
265.494.27,0,0,0,0,0,1,0,20260518,20281231
268.28.24,1,1,1,1,1,1,1,20241001,20281231
269.2231.3,1,1,1,1,1,1,1,20210714,20261231
269.2232.3,0,0,0,0,0,0,0,20210714,20261231
297.1603.13,1,1,1,1,1,0,0,20250524,20281231
301.793.24,1,1,1,1,1,0,0,20260625,20281231
301.314.24,0,0,0,0,0,0,1,20260625,20281231
301.764.24,0,0,0,0,0,1,0,20260625,20281231
302.793.40,1,1,1,1,1,0,0,20260608,20281231
302.1558.40,0,0,0,0,0,0,0,20260608,20281231
302.314.40,0,0,0,0,0,0,1,20260608,20281231
302.494.40,0,0,0,0,0,1,0,20260608,20281231
302.494.41,0,0,0,0,0,1,0,20260608,20281231
303.793.18,1,1,1,1,1,0,0,20240801,20261231
303.314.18,0,0,0,0,0,0,1,20240801,20261231
303.764.18,0,0,0,0,0,1,0,20240801,20261231
307.314.24,0,0,0,0,0,0,1,20240801,20261231
307.2271.26,0,0,0,1,0,0,0,20240809,20261231
307.2272.26,0,0,0,1,0,0,0,20240809,20261231
307.494.27,0,0,0,0,0,1,0,20240801,20261231
307.2270.28,1,1,1,0,1,0,0,20250115,20261231
307.2271.28,0,0,0,1,0,0,0,20250115,20261231
307.2269.28,1,1,1,0,1,0,0,20250115,20261231
307.314.28,0,0,0,0,0,0,1,20250115,20261231
307.2272.28,0,0,0,1,0,0,0,20250115,20261231
307.494.28,0,0,0,0,0,1,0,20250115,20261231
310.1169.9,1,1,1,1,1,1,0,20260401,20281231
310.1169.10,1,1,1,1,1,1,0,20260401,20281231
313.793.28,1,1,1,1,1,0,0,20260608,20281231
313.1558.28,0,0,0,0,0,0,0,20260608,20281231
313.314.28,0,0,0,0,0,0,1,20260608,20281231
313.494.28,0,0,0,0,0,1,0,20260608,20281231
325.793.34,1,1,1,1,1,0,0,20260605,20281231
325.314.34,0,0,0,0,0,0,1,20260605,20281231
325.764.34,0,0,0,0,0,1,0,20260605,20281231
326.793.47,1,1,1,1,1,0,0,20260615,20281231
326.1558.47,0,0,0,0,0,0,0,20260615,20281231
326.494.47,0,0,0,0,0,1,0,20260615,20281231
326.314.48,0,0,0,0,0,0,1,20260615,20281231
326.314.49,0,0,0,0,0,0,1,20260615,20281231
327.1603.42,1,1,1,1,1,0,0,20260623,20281231
327.314.42,0,0,0,0,0,0,1,20260623,20281231
327.494.42,0,0,0,0,0,1,0,20260623,20281231
328.793.45,1,1,1,1,1,0,0,20260520,20281231
328.314.45,0,0,0,0,0,0,1,20260520,20281231
328.764.45,0,0,0,0,0,1,0,20260520,20281231
329.793.22,1,1,1,1,1,0,0,20260411,20281231
329.989.22,0,0,0,0,0,1,1,20260411,20281231
329.764.22,0,0,0,0,0,1,0,20260411,20281231
349.1654.8,0,0,0,0,0,1,1,20260228,20281231
361.1603.5,1,1,1,1,1,0,0,20260209,20271231
361.1603.6,1,1,1,1,1,0,0,20260209,20271231
366.2257.11,0,0,0,0,0,0,0,20260601,20260913
366.529.11,0,0,0,0,0,0,0,20260601,20260913
366.2257.12,0,0,0,0,0,0,0,20260914,20281231
366.529.12,0,0,0,0,0,0,0,20260914,20281231
387.2296.8,0,0,0,0,0,0,1,20260302,20271231
387.2170.8,1,1,1,1,1,0,0,20260302,20271231
387.1294.8,0,0,0,0,0,1,0,20260302,20271231
387.1558.8,0,0,0,0,0,0,0,20260302,20271231
387.2255.8,0,0,0,0,0,0,0,20260302,20271231
388.793.8,1,1,1,1,1,0,0,20260302,20271231
388.2296.8,0,0,0,0,0,0,1,20260302,20271231
388.1294.8,0,0,0,0,0,1,0,20260302,20271231
388.1558.8,0,0,0,0,0,0,0,20260302,20271231
388.2170.9,1,1,1,1,1,0,0,20260302,20271231
388.2255.9,0,0,0,0,0,0,0,20260302,20271231
389.793.9,1,1,1,1,1,0,0,20250516,20261231
389.1558.9,0,0,0,0,0,0,0,20250516,20261231
389.793.10,1,1,1,1,1,0,0,20251024,20261231
389.1558.10,0,0,0,0,0,0,0,20251024,20261231
389.314.10,0,0,0,0,0,0,1,20251024,20261231
389.494.10,0,0,0,0,0,1,0,20251024,20261231
394.28.11,1,1,1,1,1,1,1,20251122,20261231
395.28.13,1,1,1,1,1,1,1,20250630,20281231
403.793.12,1,1,1,1,1,0,0,20250610,20281231
403.314.12,0,0,0,0,0,0,1,20250610,20281231
403.764.12,0,0,0,0,0,1,0,20250610,20281231
404.793.21,1,1,1,1,1,0,0,20260411,20281231
404.314.21,0,0,0,0,0,0,1,20260411,20281231
404.764.21,0,0,0,0,0,1,0,20260411,20281231
405.2277.27,1,1,0,1,1,0,0,20260401,20271231
405.2280.27,0,0,1,0,0,0,0,20260401,20271231
405.494.27,0,0,0,0,0,1,0,20260401,20271231
405.2278.27,1,1,0,1,1,0,0,20260401,20271231
405.2281.27,0,0,1,0,0,0,0,20260401,20271231
405.2280.28,0,0,1,0,0,0,0,20260401,20271231
405.2281.28,0,0,1,0,0,0,0,20260401,20271231
408.793.17,1,1,1,1,1,0,0,20251003,20281231
408.1558.17,0,0,0,0,0,0,0,20251003,20281231
408.314.17,0,0,0,0,0,0,1,20251003,20281231
408.494.17,0,0,0,0,0,1,0,20251003,20281231
413.793.32,1,1,1,1,1,0,0,20260623,20281231
413.1558.32,0,0,0,0,0,0,0,20260623,20281231
413.314.32,0,0,0,0,0,0,1,20260623,20281231
413.494.32,0,0,0,0,0,1,0,20260623,20281231
415.793.35,1,1,1,1,1,0,0,20260706,20281231
415.314.35,0,0,0,0,0,0,1,20260706,20281231
415.764.35,0,0,0,0,0,1,0,20260706,20281231
415.793.36,1,1,1,1,1,0,0,20260706,20281231
415.314.36,0,0,0,0,0,0,1,20260706,20281231
415.764.36,0,0,0,0,0,1,0,20260706,20281231
417.793.31,1,1,1,1,1,0,0,20260709,20281231
417.1558.31,0,0,0,0,0,0,0,20260709,20281231
417.314.31,0,0,0,0,0,0,1,20260709,20281231
417.494.31,0,0,0,0,0,1,0,20260709,20281231
418.925.11,0,0,0,0,0,0,1,20240406,20281231
418.793.11,1,1,1,1,1,0,0,20240406,20281231
418.1558.11,0,0,0,0,0,0,0,20240406,20281231
418.880.11,0,0,0,0,0,1,0,20240406,20281231
418.1015.11,0,0,0,0,0,0,0,20240406,20281231
418.314.11,0,0,0,0,0,0,1,20240406,20281231
418.494.11,0,0,0,0,0,1,0,20240406,20281231
418.790.11,1,1,1,1,1,0,0,20240406,20281231
419.793.1,1,1,1,1,1,0,0,20230515,20271231
419.314.1,0,0,0,0,0,0,1,20230515,20271231
419.764.1,0,0,0,0,0,1,0,20230515,20271231
420.2277.18,1,1,0,1,1,0,0,20250101,20281231
420.2280.18,0,0,1,0,0,0,0,20250101,20281231
420.2280.19,0,0,1,0,0,0,0,20250101,20281231
423.793.20,1,1,1,1,1,0,0,20250102,20281231
423.1558.20,0,0,0,0,0,0,0,20250102,20281231
424.793.20,1,1,1,1,1,0,0,20260220,20271231
425.793.25,1,1,1,1,1,0,0,20260413,20271231
425.1558.25,0,0,0,0,0,0,0,20260413,20271231
425.314.25,0,0,0,0,0,0,1,20260413,20271231
425.494.25,0,0,0,0,0,1,0,20260413,20271231
427.1603.11,1,1,1,1,1,0,0,20231214,20271231
427.494.11,0,0,0,0,0,1,0,20231214,20271231
430.793.16,1,1,1,1,1,0,0,20260720,20281231
430.1558.16,0,0,0,0,0,0,0,20260720,20281231
430.314.16,0,0,0,0,0,0,1,20260720,20281231
430.494.16,0,0,0,0,0,1,0,20260720,20281231
431.793.24,1,1,1,1,1,0,0,20260520,20281231
431.1558.24,0,0,0,0,0,0,0,20260520,20281231
431.314.24,0,0,0,0,0,0,1,20260520,20281231
431.494.24,0,0,0,0,0,1,0,20260520,20281231
432.793.21,1,1,1,1,1,0,0,20241118,20281231
432.314.21,0,0,0,0,0,0,1,20241118,20281231
432.764.21,0,0,0,0,0,1,0,20241118,20281231
435.1603.6,1,1,1,1,1,0,0,20250430,20261231
435.314.6,0,0,0,0,0,0,1,20250430,20261231
435.494.6,0,0,0,0,0,1,0,20250430,20261231
446.793.1,1,1,1,1,1,0,0,20250305,20261231
446.2226.1,0,0,0,0,0,1,0,20250305,20261231
447.793.5,1,1,1,1,1,0,0,20240201,20261231
447.2226.5,0,0,0,0,0,1,0,20240201,20261231
448.793.3,1,1,1,1,1,0,0,20230313,20281231
448.2226.3,0,0,0,0,0,1,0,20230313,20281231
449.2226.1,0,0,0,0,0,1,0,20220502,20261231
450.2170.1,1,1,1,1,1,0,0,20221029,20271231
471.28.14,1,1,1,1,1,1,1,20251122,20281231
472.793.6,1,1,1,1,1,0,0,20260319,20281231
472.1558.6,0,0,0,0,0,0,0,20260319,20281231
476.793.5,1,1,1,1,1,0,0,20250128,20261231
476.314.5,0,0,0,0,0,0,1,20250128,20261231
476.764.5,0,0,0,0,0,1,0,20250128,20261231
479.2282.8,0,0,1,0,0,0,0,20260115,20271231
479.2279.8,1,1,0,1,1,1,0,20260115,20271231
479.314.8,0,0,0,0,0,0,1,20260115,20271231
479.2282.9,0,0,1,0,0,0,0,20260115,20271231
481.1603.6,1,1,1,1,1,0,0,20260701,20281231
483.28.3,1,1,1,1,1,1,1,20251027,20271231
485.1603.7,1,1,1,1,1,0,0,20240724,20271231
485.1603.8,1,1,1,1,1,0,0,20240724,20271231
486.793.4,1,1,1,1,1,0,0,20260420,20281231
487.793.6,1,1,1,1,1,0,0,20260420,20281231
488.2248.1,0,0,0,0,0,0,1,20231214,20281231
488.2247.1,1,1,1,1,1,1,0,20231214,20281231
489.2170.9,1,1,1,1,1,0,0,20250505,20281231
489.2249.9,0,0,0,0,0,0,0,20250505,20281231
489.314.9,0,0,0,0,0,0,1,20250505,20281231
489.494.9,0,0,0,0,0,1,0,20250505,20281231
489.2170.10,1,1,1,1,1,0,0,20260514,20271231
489.2249.10,0,0,0,0,0,0,0,20260514,20271231
489.314.10,0,0,0,0,0,0,1,20260514,20271231
489.494.10,0,0,0,0,0,1,0,20260514,20271231
490.2170.3,1,1,1,1,1,0,0,20240916,20281231
492.793.19,1,1,1,1,1,0,0,20260701,20281231
492.1558.19,0,0,0,0,0,0,0,20260701,20281231
492.314.19,0,0,0,0,0,0,1,20260701,20281231
492.494.19,0,0,0,0,0,1,0,20260701,20281231
492.494.20,0,0,0,0,0,1,0,20260701,20281231
493.793.6,1,1,1,1,1,0,0,20260216,20281231
493.314.6,0,0,0,0,0,0,1,20260216,20281231
493.764.6,0,0,0,0,0,1,0,20260216,20281231
495.2263.5,0,0,0,0,0,0,0,20260328,20281231
495.2206.5,1,1,1,1,1,1,1,20260328,20281231
496.28.4,1,1,1,1,1,1,1,20260722,20281231
497.28.3,1,1,1,1,1,1,1,20250630,20281231
501.1603.1,1,1,1,1,1,0,0,20250401,20261231
501.314.1,0,0,0,0,0,0,1,20250401,20261231
501.494.1,0,0,0,0,0,1,0,20250401,20261231
502.1603.4,1,1,1,1,1,0,0,20251101,20261231
502.1654.4,0,0,0,0,0,1,1,20251101,20261231
502.2170.5,1,1,1,1,1,0,0,20251101,20261231
503.1603.1,1,1,1,1,1,0,0,20250401,20261231
503.1603.2,1,1,1,1,1,0,0,20250401,20261231
503.1603.3,1,1,1,1,1,0,0,20250401,20261231
504.1603.1,1,1,1,1,1,0,0,20250401,20261231
504.1603.2,1,1,1,1,1,0,0,20250401,20261231
504.1603.3,1,1,1,1,1,0,0,20250401,20261231
507.1603.2,1,1,1,1,1,0,0,20260511,20281231
507.314.2,0,0,0,0,0,0,1,20260511,20281231
507.494.2,0,0,0,0,0,1,0,20260511,20281231
508.2170.1,1,1,1,1,1,0,0,20260409,20281231
508.989.1,0,0,0,0,0,1,1,20260409,20281231
508.2255.1,0,0,0,0,0,0,0,20260409,20281231
508.2170.5,1,1,1,1,1,0,0,20260409,20281231
508.989.5,0,0,0,0,0,1,1,20260409,20281231
508.2255.5,0,0,0,0,0,0,0,20260409,20281231
508.2170.6,1,1,1,1,1,0,0,20260409,20281231
508.2255.6,0,0,0,0,0,0,0,20260409,20281231
508.989.7,0,0,0,0,0,1,1,20260409,20281231
508.2255.7,0,0,0,0,0,0,0,20260409,20281231
508.764.7,0,0,0,0,0,1,0,20260409,20281231
509.793.1,1,1,1,1,1,0,0,20260615,20281231
509.989.1,0,0,0,0,0,1,1,20260615,20281231
509.793.2,1,1,1,1,1,0,0,20260615,20281231
510.2170.1,1,1,1,1,1,0,0,20260615,20281231
510.989.1,0,0,0,0,0,1,1,20260615,20281231
510.2255.1,0,0,0,0,0,0,0,20260615,20281231
510.2170.2,1,1,1,1,1,0,0,20260615,20281231
511.793.1,1,1,1,1,1,0,0,20260409,20281231
512.1603.1,1,1,1,1,1,0,0,20260409,20281231
512.1603.2,1,1,1,1,1,0,0,20260409,20281231
513.793.3,1,1,1,1,1,0,0,20260429,20281231
513.989.3,0,0,0,0,0,1,1,20260429,20281231
516.793.8,1,1,1,1,1,0,0,20260720,20281231
516.1558.8,0,0,0,0,0,0,0,20260720,20281231
516.314.8,0,0,0,0,0,0,1,20260720,20281231
516.494.8,0,0,0,0,0,1,0,20260720,20281231
518.2297.1,0,0,0,1,1,1,0,20260717,20281231
